0.000000e+00
2.739726e-03
5.479452e-03
8.219178e-03
1.095890e-02
1.369863e-02
1.643836e-02
1.917808e-02
2.191781e-02
2.465753e-02
2.739726e-02
3.013699e-02
3.287671e-02
3.561644e-02
3.835616e-02
4.109589e-02
4.383562e-02
4.657534e-02
4.931507e-02
5.205479e-02
5.479452e-02
5.753425e-02
6.027397e-02
6.301370e-02
6.575342e-02
6.849315e-02
7.123288e-02
7.397260e-02
7.671233e-02
7.945205e-02
8.219178e-02
8.493151e-02
8.767123e-02
9.041096e-02
9.315068e-02
9.589041e-02
9.863014e-02
1.013699e-01
1.041096e-01
1.068493e-01
1.095890e-01
1.123288e-01
1.150685e-01
1.178082e-01
1.205479e-01
1.232877e-01
1.260274e-01
1.287671e-01
1.315068e-01
1.342466e-01
1.369863e-01
1.397260e-01
1.424658e-01
1.452055e-01
1.479452e-01
1.506849e-01
1.534247e-01
1.561644e-01
1.589041e-01
1.616438e-01
1.643836e-01
1.671233e-01
1.698630e-01
1.726027e-01
1.753425e-01
1.780822e-01
1.808219e-01
1.835616e-01
1.863014e-01
1.890411e-01
1.917808e-01
1.945205e-01
1.972603e-01
2.000000e-01
2.027397e-01
2.054795e-01
2.082192e-01
2.109589e-01
2.136986e-01
2.164384e-01
2.191781e-01
2.219178e-01
2.246575e-01
2.273973e-01
2.301370e-01
2.328767e-01
2.356164e-01
2.383562e-01
2.410959e-01
2.438356e-01
2.465753e-01
2.493151e-01
2.520548e-01
2.547945e-01
2.575342e-01
2.602740e-01
2.630137e-01
2.657534e-01
2.684932e-01
2.712329e-01
2.739726e-01
2.767123e-01
2.794521e-01
2.821918e-01
2.849315e-01
2.876712e-01
2.904110e-01
2.931507e-01
2.958904e-01
2.986301e-01
3.013699e-01
3.041096e-01
3.068493e-01
3.095890e-01
3.123288e-01
3.150685e-01
3.178082e-01
3.205479e-01
3.232877e-01
3.260274e-01
3.287671e-01
3.315068e-01
3.342466e-01
3.369863e-01
3.397260e-01
3.424658e-01
3.452055e-01
3.479452e-01
3.506849e-01
3.534247e-01
3.561644e-01
3.589041e-01
3.616438e-01
3.643836e-01
3.671233e-01
3.698630e-01
3.726027e-01
3.753425e-01
3.780822e-01
3.808219e-01
3.835616e-01
3.863014e-01
3.890411e-01
3.917808e-01
3.945205e-01
3.972603e-01
4.000000e-01
4.027397e-01
4.054795e-01
4.082192e-01
4.109589e-01
4.136986e-01
4.164384e-01
4.191781e-01
4.219178e-01
4.246575e-01
4.273973e-01
4.301370e-01
4.328767e-01
4.356164e-01
4.383562e-01
4.410959e-01
4.438356e-01
4.465753e-01
4.493151e-01
4.520548e-01
4.547945e-01
4.575342e-01
4.602740e-01
4.630137e-01
4.657534e-01
4.684932e-01
4.712329e-01
4.739726e-01
4.767123e-01
4.794521e-01
4.821918e-01
4.849315e-01
4.876712e-01
4.904110e-01
4.931507e-01
4.958904e-01
4.986301e-01
5.013699e-01
5.041096e-01
5.068493e-01
5.095890e-01
5.123288e-01
5.150685e-01
5.178082e-01
5.205479e-01
5.232877e-01
5.260274e-01
5.287671e-01
5.315068e-01
5.342466e-01
5.369863e-01
5.397260e-01
5.424658e-01
5.452055e-01
5.479452e-01
5.506849e-01
5.534247e-01
5.561644e-01
5.589041e-01
5.616438e-01
5.643836e-01
5.671233e-01
5.698630e-01
5.726027e-01
5.753425e-01
5.780822e-01
5.808219e-01
5.835616e-01
5.863014e-01
5.890411e-01
5.917808e-01
5.945205e-01
5.972603e-01
6.000000e-01
6.027397e-01
6.054795e-01
6.082192e-01
6.109589e-01
6.136986e-01
6.164384e-01
6.191781e-01
6.219178e-01
6.246575e-01
6.273973e-01
6.301370e-01
6.328767e-01
6.356164e-01
6.383562e-01
6.410959e-01
6.438356e-01
6.465753e-01
6.493151e-01
6.520548e-01
6.547945e-01
6.575342e-01
6.602740e-01
6.630137e-01
6.657534e-01
6.684932e-01
6.712329e-01
6.739726e-01
6.767123e-01
6.794521e-01
6.821918e-01
6.849315e-01
6.876712e-01
6.904110e-01
6.931507e-01
6.958904e-01
6.986301e-01
7.013699e-01
7.041096e-01
7.068493e-01
7.095890e-01
7.123288e-01
7.150685e-01
7.178082e-01
7.205479e-01
7.232877e-01
7.260274e-01
7.287671e-01
7.315068e-01
7.342466e-01
7.369863e-01
7.397260e-01
7.424658e-01
7.452055e-01
7.479452e-01
7.506849e-01
7.534247e-01
7.561644e-01
7.589041e-01
7.616438e-01
7.643836e-01
7.671233e-01
7.698630e-01
7.726027e-01
7.753425e-01
7.780822e-01
7.808219e-01
7.835616e-01
7.863014e-01
7.890411e-01
7.917808e-01
7.945205e-01
7.972603e-01
8.000000e-01
8.027397e-01
8.054795e-01
8.082192e-01
8.109589e-01
8.136986e-01
8.164384e-01
8.191781e-01
8.219178e-01
8.246575e-01
8.273973e-01
8.301370e-01
8.328767e-01
8.356164e-01
8.383562e-01
8.410959e-01
8.438356e-01
8.465753e-01
8.493151e-01
8.520548e-01
8.547945e-01
8.575342e-01
8.602740e-01
8.630137e-01
8.657534e-01
8.684932e-01
8.712329e-01
8.739726e-01
8.767123e-01
8.794521e-01
8.821918e-01
8.849315e-01
8.876712e-01
8.904110e-01
8.931507e-01
8.958904e-01
8.986301e-01
9.013699e-01
9.041096e-01
9.068493e-01
9.095890e-01
9.123288e-01
9.150685e-01
9.178082e-01
9.205479e-01
9.232877e-01
9.260274e-01
9.287671e-01
9.315068e-01
9.342466e-01
9.369863e-01
9.397260e-01
9.424658e-01
9.452055e-01
9.479452e-01
9.506849e-01
9.534247e-01
9.561644e-01
