7.455440e-01
7.390748e-01
7.321132e-01
7.246807e-01
7.168016e-01
7.084995e-01
6.998006e-01
6.907326e-01
6.813237e-01
6.716025e-01
6.616007e-01
6.513478e-01
6.408774e-01
6.302199e-01
6.194100e-01
6.084798e-01
5.974627e-01
5.863931e-01
5.753043e-01
5.642291e-01
5.532011e-01
5.422526e-01
5.314155e-01
5.207216e-01
5.102017e-01
4.998847e-01
4.898002e-01
4.799755e-01
4.704375e-01
4.612108e-01
4.523196e-01
4.437872e-01
4.356338e-01
4.278797e-01
4.205426e-01
4.136398e-01
4.071861e-01
4.011945e-01
3.956778e-01
3.906456e-01
3.861067e-01
3.820682e-01
3.785359e-01
3.755129e-01
3.730022e-01
3.710037e-01
3.695169e-01
3.685398e-01
3.680679e-01
3.680972e-01
3.686195e-01
3.696293e-01
3.711175e-01
3.730744e-01
3.754911e-01
3.783579e-01
3.816646e-01
3.854015e-01
3.895603e-01
3.941320e-01
3.991097e-01
4.044863e-01
4.102563e-01
4.164148e-01
4.229554e-01
4.298726e-01
4.371580e-01
4.448021e-01
4.527905e-01
4.611065e-01
4.697291e-01
4.786326e-01
4.877888e-01
4.971679e-01
5.067392e-01
5.164736e-01
5.263448e-01
5.363321e-01
5.464198e-01
5.565972e-01
5.668586e-01
5.772025e-01
5.876284e-01
5.981359e-01
6.087218e-01
6.193777e-01
6.300904e-01
6.408399e-01
6.515990e-01
6.623334e-01
6.730022e-01
6.835608e-01
6.939585e-01
7.041430e-01
7.140593e-01
7.236537e-01
7.328713e-01
7.416596e-01
7.499681e-01
7.577502e-01
7.649613e-01
7.715605e-01
7.775110e-01
7.827803e-01
7.873392e-01
7.911622e-01
7.942289e-01
7.965204e-01
7.980234e-01
7.987285e-01
7.986286e-01
7.977213e-01
7.960079e-01
7.934921e-01
7.901830e-01
7.860928e-01
7.812362e-01
7.756336e-01
7.693071e-01
7.622827e-01
7.545907e-01
7.462631e-01
7.373364e-01
7.278485e-01
7.178400e-01
7.073538e-01
6.964345e-01
6.851285e-01
6.734824e-01
6.615436e-01
6.493602e-01
6.369802e-01
6.244515e-01
6.118201e-01
5.991327e-01
5.864339e-01
5.737678e-01
5.611762e-01
5.486995e-01
5.363775e-01
5.242479e-01
5.123469e-01
5.007085e-01
4.893653e-01
4.783485e-01
4.676883e-01
4.574122e-01
4.475462e-01
4.381158e-01
4.291439e-01
4.206516e-01
4.126596e-01
4.051861e-01
3.982464e-01
3.918564e-01
3.860278e-01
3.807721e-01
3.760973e-01
3.720114e-01
3.685180e-01
3.656203e-01
3.633185e-01
3.616115e-01
3.604945e-01
3.599628e-01
3.600067e-01
3.606176e-01
3.617828e-01
3.634891e-01
3.657196e-01
3.684581e-01
3.716854e-01
3.753808e-01
3.795225e-01
3.840891e-01
3.890555e-01
3.943978e-01
4.000911e-01
4.061096e-01
4.124272e-01
4.190178e-01
4.258555e-01
4.329134e-01
4.401662e-01
4.475884e-01
4.551545e-01
4.628400e-01
4.706205e-01
4.784727e-01
4.863735e-01
4.943014e-01
5.022346e-01
5.101526e-01
5.180354e-01
5.258647e-01
5.336218e-01
5.412897e-01
5.488519e-01
5.562916e-01
5.635950e-01
5.707462e-01
5.777326e-01
5.845406e-01
5.911582e-01
5.975731e-01
6.037739e-01
6.097500e-01
6.154915e-01
6.209885e-01
6.262319e-01
6.312133e-01
6.359249e-01
6.403587e-01
6.445075e-01
6.483656e-01
6.519266e-01
6.551849e-01
6.581358e-01
6.607754e-01
6.630999e-01
6.651061e-01
6.667914e-01
6.681547e-01
6.691943e-01
6.699101e-01
6.703023e-01
6.703717e-01
6.701201e-01
6.695502e-01
6.686655e-01
6.674696e-01
6.659673e-01
6.641642e-01
6.620671e-01
6.596822e-01
6.570180e-01
6.540827e-01
6.508859e-01
6.474375e-01
6.437481e-01
6.398289e-01
6.356922e-01
6.313502e-01
6.268160e-01
6.221036e-01
6.172263e-01
6.121992e-01
6.070370e-01
6.017548e-01
5.963683e-01
5.908930e-01
5.853451e-01
5.797401e-01
5.740946e-01
5.684253e-01
5.627474e-01
5.570778e-01
5.514320e-01
5.458269e-01
5.402775e-01
5.347987e-01
5.294067e-01
5.241165e-01
5.189424e-01
5.138989e-01
5.089995e-01
5.042575e-01
4.996859e-01
4.952973e-01
4.911031e-01
4.871150e-01
4.833434e-01
4.797981e-01
4.764891e-01
4.734244e-01
4.706123e-01
4.680600e-01
4.657735e-01
4.637598e-01
4.620228e-01
4.605667e-01
4.593949e-01
4.585104e-01
4.579144e-01
4.576076e-01
4.575903e-01
4.578621e-01
4.584203e-01
4.592631e-01
4.603869e-01
4.617872e-01
4.634598e-01
4.653980e-01
4.675961e-01
4.700464e-01
4.727415e-01
4.756723e-01
4.788296e-01
4.822037e-01
4.857838e-01
4.895595e-01
4.935185e-01
4.976493e-01
5.019397e-01
5.063763e-01
5.109468e-01
5.156375e-01
5.204344e-01
5.253231e-01
5.302904e-01
5.353216e-01
5.404019e-01
5.455176e-01
5.506538e-01
5.557956e-01
5.609284e-01
5.660380e-01
5.711101e-01
5.761302e-01
5.810835e-01
5.859576e-01
5.907379e-01
5.954107e-01
5.999642e-01
6.043844e-01
6.086602e-01
6.127785e-01
6.167290e-01
6.205005e-01
6.240830e-01
6.274661e-01
6.306418e-01
6.336010e-01
6.363360e-01
6.388407e-01
6.411073e-01
6.431311e-01
6.449073e-01
6.464319e-01
6.477007e-01
6.487127e-01
6.494645e-01
6.499552e-01
6.501849e-01
6.501538e-01
6.498632e-01
6.493135e-01
6.485080e-01
6.474493e-01
6.461405e-01
