5.359962e-01
5.638933e-02
5.852132e-01
1.302618e-01
8.826149e-01
8.164430e-01
9.877630e-01
1.487164e-01
3.967048e-01
4.293791e-01
6.137295e-01
7.299542e-01
1.132218e-01
1.376421e-01
8.694204e-01
6.516769e-01
7.731423e-01
8.199592e-01
5.398282e-01
9.514943e-01
7.605450e-01
6.859076e-01
3.254461e-02
7.414104e-01
7.825658e-01
6.839947e-01
5.507834e-01
4.573139e-01
5.362499e-01
4.077435e-03
1.184088e-01
8.514342e-01
2.337683e-01
5.298358e-01
1.789176e-01
4.798380e-01
7.555153e-01
6.324308e-01
9.380014e-01
8.420944e-04
8.586249e-01
2.208344e-01
2.613157e-01
6.843979e-01
4.690397e-02
3.200725e-01
6.623323e-01
9.691610e-01
9.008676e-01
6.886092e-01
5.778936e-01
9.346359e-01
4.988718e-02
4.046929e-02
8.581742e-01
3.494636e-01
2.872531e-01
6.338173e-01
1.554106e-01
9.382612e-01
5.098661e-01
7.345457e-01
5.028293e-01
5.695547e-01
2.655625e-01
7.224869e-01
1.578537e-01
5.431014e-01
9.164238e-02
7.071533e-01
5.858629e-01
5.177557e-02
7.390380e-03
5.000793e-01
5.549953e-01
5.449966e-01
1.847625e-01
2.343446e-01
5.111665e-01
1.090640e-01
7.893208e-01
4.109658e-01
8.310988e-01
6.831350e-01
7.217942e-01
2.119590e-01
7.973552e-02
9.904176e-01
9.078091e-01
3.722754e-01
8.986070e-01
9.888996e-01
4.376419e-01
1.108255e-01
9.390668e-01
1.796623e-01
8.025295e-01
8.376226e-01
3.175691e-01
6.418598e-01
3.370287e-01
5.713873e-01
8.474708e-03
1.771858e-01
6.784259e-01
6.144097e-01
9.640329e-01
9.704955e-01
6.621993e-02
1.862657e-01
7.622799e-01
8.014383e-01
7.856756e-01
3.090974e-01
2.837905e-01
5.013554e-01
1.362722e-01
8.975744e-02
8.467824e-01
2.686123e-01
2.330912e-01
1.131690e-01
2.577118e-01
5.961584e-01
2.041863e-01
6.060365e-01
6.309984e-01
3.032781e-01
4.082937e-01
8.926327e-01
1.176919e-01
7.598743e-01
4.989239e-01
5.439035e-01
1.460513e-01
7.412059e-01
9.328008e-01
8.141781e-01
3.908190e-01
3.659678e-01
1.413543e-01
7.215080e-01
3.608893e-01
1.247014e-01
4.234419e-01
1.455628e-01
6.568390e-01
4.477950e-01
6.067612e-01
8.359754e-02
4.327083e-01
7.110513e-01
1.110495e-01
1.025400e-01
3.347706e-01
1.794796e-01
5.112780e-01
2.624900e-01
1.262176e-02
9.777913e-01
5.913615e-03
8.233994e-01
8.718318e-01
5.127772e-01
7.918969e-01
3.548558e-01
3.589219e-01
8.032353e-01
7.991414e-01
8.310989e-01
2.460408e-01
6.586847e-01
2.638115e-01
8.195068e-01
3.503488e-01
7.251475e-01
3.936139e-01
5.941260e-01
9.250429e-01
6.364532e-01
5.693856e-01
4.985061e-01
5.805242e-02
3.347586e-01
9.931734e-01
4.036373e-01
2.637568e-01
8.049444e-01
3.253546e-01
3.803163e-01
5.362239e-01
8.732767e-01
5.493832e-02
1.380430e-01
8.540642e-01
2.166878e-01
6.295222e-01
5.015222e-01
4.100100e-01
8.231345e-01
2.181000e-01
1.730771e-01
3.164274e-01
7.113993e-02
7.150836e-01
3.600947e-01
3.788493e-01
7.593700e-01
1.844853e-01
6.130092e-01
2.967908e-01
1.888655e-01
5.034244e-02
6.569095e-01
5.185733e-01
8.693542e-01
4.839504e-01
3.475922e-01
3.975552e-01
1.329651e-01
8.103796e-01
6.977394e-01
5.451810e-01
8.439941e-01
8.676658e-01
