1.039294e+00
3.545350e-01
1.130784e+00
7.212185e-01
8.450292e-01
8.146489e-01
1.019668e+00
1.164565e+00
6.313531e-01
6.200911e-01
1.174658e+00
9.057568e-01
3.585839e-01
7.603006e-01
7.443905e-01
6.602881e-01
1.113557e+00
1.160978e+00
6.977376e-01
3.935166e-01
7.747761e-01
6.243930e-01
1.065214e+00
4.513981e-01
7.059747e-01
4.071918e-01
5.671005e-01
5.482570e-01
5.952517e-01
7.757395e-01
5.305701e-01
1.055117e+00
1.151134e+00
4.256362e-01
8.234321e-01
4.529369e-01
4.431397e-01
4.537954e-01
6.460961e-01
1.196654e+00
8.861701e-01
6.056851e-01
1.021189e+00
7.259412e-01
7.394805e-01
8.752774e-01
8.662655e-01
5.075815e-01
8.807517e-01
8.778161e-01
7.310615e-01
5.075212e-01
8.903672e-01
1.062900e+00
8.509041e-01
5.831764e-01
7.810748e-01
1.052773e+00
7.734867e-01
5.934162e-01
4.677769e-01
6.012182e-01
4.722548e-01
1.063068e+00
4.775628e-01
1.039374e+00
4.868916e-01
6.091142e-01
1.057524e+00
4.832783e-01
7.037172e-01
1.135743e+00
1.167384e+00
7.985139e-01
8.879476e-01
5.802650e-01
8.758656e-01
1.924307e+00
1.066550e+00
7.777359e-01
8.575711e-01
8.051404e-01
6.793449e-01
8.303907e-01
4.548780e-01
8.147204e-01
8.333734e-01
5.411512e-01
4.605380e-01
5.693143e-01
1.109633e+00
7.813966e-01
6.394817e-01
6.923909e-01
9.044426e-01
4.529671e-01
8.330956e-01
6.723339e-01
8.822567e-01
7.707745e-01
1.104229e+00
7.228805e-01
1.002506e+00
6.843049e-01
1.049381e+00
4.232517e-01
5.815787e-01
4.021099e-01
1.018525e+00
5.158894e-01
9.266680e-01
4.777703e-01
5.723482e-01
4.298412e-01
1.097050e+00
6.318893e-01
1.071192e+00
4.049035e-01
6.280682e-01
6.696740e-01
5.785984e-01
1.166906e+00
5.066199e-01
3.622141e-01
6.308762e-01
4.769279e-01
6.458967e-01
4.780832e-01
3.543879e-01
6.540974e-01
1.014205e+00
4.039603e-01
5.315779e-01
3.834185e-01
4.614590e-01
1.055905e+00
5.786474e-01
8.198683e-01
9.212256e-01
5.062697e-01
5.577899e-01
9.141967e-01
1.083482e+00
4.139424e-01
9.236303e-01
6.971482e-01
1.043153e+00
4.749178e-01
5.421946e-01
7.004911e-01
8.440829e-01
8.479418e-01
4.503787e-01
1.129918e+00
4.816458e-01
5.413876e-01
4.258559e-01
7.455703e-01
8.265206e-01
9.957513e-01
8.744940e-01
5.641354e-01
1.138311e+00
3.609926e-01
7.768216e-01
4.320266e-01
5.281412e-01
1.016724e+00
9.881068e-01
2.943403e-01
9.268671e-01
8.465990e-01
9.651108e-01
8.765612e-01
5.734435e-01
1.058680e+00
6.726346e-01
1.001406e+00
4.493594e-01
7.505007e-01
4.237500e-01
7.746785e-01
5.583689e-01
6.878097e-01
2.909851e-01
4.777334e-01
5.522458e-01
6.226223e-01
9.761689e-01
6.494837e-01
4.113374e-01
1.056618e+00
3.260555e-01
5.606702e-01
3.924126e-01
4.602027e-01
1.053720e+00
9.408692e-01
1.085106e+00
1.166067e+00
4.091597e-01
7.160452e-01
4.490109e-01
4.320560e-01
8.806135e-01
7.872549e-01
3.756532e-01
6.631849e-01
9.691389e-01
6.221295e-01
9.186753e-01
2.871400e-01
1.072984e+00
8.253751e-01
1.170610e+00
6.820921e-01
1.119464e+00
1.090358e+00
4.576316e-01
3.025940e-01
8.199242e-01
2.986349e-01
1.170569e+00
4.598145e-01
3.433431e-01
1.006879e+00
6.077494e-01
5.342872e-01
1.129235e+00
5.764531e-01
1.075261e+00
6.631995e-01
8.265457e-01
9.332709e-01
9.516003e-01
1.036486e+00
8.686086e-01
9.447755e-01
8.051266e-01
4.315693e-01
8.753745e-01
9.770911e-01
3.979370e-01
8.673960e-01
7.052081e-01
4.177160e-01
3.308669e-01
8.733552e-01
3.210946e-01
9.692848e-01
5.756688e-01
1.003479e+00
7.365150e-01
1.113933e+00
9.141529e-01
5.745227e-01
6.342672e-01
3.592584e-01
3.808265e-01
5.867159e-01
1.112474e+00
4.518781e-01
8.392195e-01
3.705280e-01
9.671836e-01
5.251909e-01
1.147068e+00
4.419948e-01
4.734886e-01
7.527514e-01
6.309131e-01
7.225481e-01
4.030631e-01
4.866333e-01
8.290391e-01
1.051449e+00
1.183453e+00
8.186088e-01
5.184426e-01
8.248044e-01
4.805504e-01
4.295061e-01
7.527490e-01
7.869477e-01
7.658963e-01
7.266808e-01
4.596595e-01
5.349690e-01
4.686468e-01
5.439407e-01
4.756297e-01
9.616121e-01
8.367417e-01
7.889360e-01
5.292405e-01
6.395206e-01
8.498447e-01
1.002306e+00
9.430702e-01
1.153815e+00
1.020203e+00
7.059317e-01
1.165057e+00
5.412842e-01
6.424118e-01
1.131265e+00
8.725061e-01
4.760930e-01
7.882761e-01
8.242497e-01
1.161166e+00
1.062431e+00
8.738213e-01
4.240666e-01
7.185661e-01
7.490959e-01
6.240392e-01
4.323734e-01
4.575306e-01
6.539960e-01
6.022760e-01
9.389587e-01
9.075322e-01
4.704939e-01
4.674790e-01
1.040491e+00
1.144180e+00
5.770363e-01
7.399662e-01
1.010262e+00
4.554655e-01
9.173105e-01
7.934308e-01
4.545956e-01
5.544754e-01
7.678796e-01
4.665519e-01
5.463408e-01
4.987901e-01
7.405653e-01
1.104569e+00
5.406376e-01
4.910022e-01
6.130406e-01
6.362933e-01
6.413254e-01
9.353611e-01
1.117040e+00
1.119411e+00
5.586067e-01
